0,1410889178,1.3603062557296137,9.5255230159236,9.5549655292811764,8.6708113427573501,8.0845294097580584,354228.0,249673605.0,704.83870557945727,6.4848437251123183,1095.2713986379947,10722
0,1410889187,1.249436270492073,9.1222085964009416,9.2635700355401358,8.4899776892553049,8.3798268660909816,141881.0,52091795.0,367.15130990055047,5.9978517664475648,1116.087796186938,9235
0,1410889188,1.4273259410481349,9.4380259893305674,9.3846315023196443,8.5496697080586657,7.7340701383294315,122670.0,87948897.0,716.95522132550741,5.9625021190010052,808.35335026573318,8178
2,1410889195,1.3798078486847252,9.3127985663535284,9.4389751644861661,8.4622882283142022,8.1334731860756957,11800735961.0,835754866.0,0.070822266404575812,6.3147602023362746,1034.4137205455797,10494
0,1410889198,1.4815077834106272,9.3306573798880539,9.5417489997632305,8.0135196779310824,8.183494141865669,6941380876.0,2679201193.0,0.38597524626020824,7.3279036784402649,1027.0443444254204,9824
2,1410889207,1.4984914836093073,9.5290224466441131,9.7040910147616,8.2455694748464676,7.5668298876929931,20689488062.0,11713883913.0,0.5661756287974411,6.567380665821366,1822.0557925117746,9585
1,1410889211,1.4352164792368207,9.4506651120874103,9.5404724874097582,8.3489237228038586,7.9584067488565422,34460303200.0,9903468554.0,0.28738773702954534,6.1740476213351361,1052.0443180336863,9461
0,1410889216,1.3077829323090082,9.3895009315246174,9.4996218523203204,8.6264787073628071,8.1497787483324178,3597378807.0,2841696793.0,0.78993537946864323,6.2306451294849881,972.05165496513052,9951
1,1410889218,1.5185331639843391,9.4364261769409463,9.6120326388417698,8.3329254961299455,7.6657496083449974,20110705118.0,18379706620.0,0.91392651387192403,6.372709838759735,1143.7065300897043,8461
1,1410889223,1.4706970155865706,9.5516388514849311,9.6622928939804851,8.389517438756279,8.0647122557891269,48508348035.0,19499780731.0,0.40198814267866667,5.95051504894675,1024.6186961152187,9172
0,1410889228,1.4464866741428914,9.5023649285920975,9.4145834241973372,8.5598728250434064,7.6511312867865344,41676741612.0,2880370054.0,0.069112170063953704,5.9799515327753472,1100.7074925447769,8820
1,1410889233,1.4182353688368163,9.4930212130482428,9.5325974157136439,8.5061753522193158,8.113174931702309,72450866676.0,8716868203.0,0.12031420192641451,6.0200565447519612,1080.157650134164,9462
0,1410889240,1.3588375244251065,9.4626497284953111,9.6614770683105036,8.5941236868761983,8.3599087973175408,51423533495.0,10477454594.0,0.20374824291331015,6.3815173207085092,1447.6209668636895,9754
1,1410889243,1.4096472352410829,9.3757056073217377,9.3620261402810492,8.5083948668599962,7.8141764670223415,6345946535.0,4904953282.0,0.7729269786544144,5.8236729302245411,978.58424188512663,8041
1,1410889249,1.2869311136412964,9.0772656998046699,9.2288071730381915,8.9509843374813389,8.2663997547692336,9098613429.0,21027862610.0,2.3111062772463677,6.2053956239272914,906.06789301822221,11486
2,1410889255,1.3344563347925906,9.2158097219138053,9.6211881469127878,8.407430024779913,7.6031535518368489,8659178638.0,4942862471.0,0.57082347848890747,7.6837209834585245,1196.6323559016143,13773
